1 20 10 1 
2 19 10 1 
3 18 10 1 
4 17 10 1 
5 16 10 1 
11 10 15 0 
12 9 15 0 
13 8 15 0 
14 7 15 0 
15 6 15 0 
6 15 10 1 
7 14 10 1 
8 13 10 1 
9 12 10 1 
10 11 10 0 
16 5 15 0 
17 4 15 0 
18 3 15 0 
19 2 15 0 
20 1 15 0 


1 20 10 1 
2 19 10 1 
3 18 10 1 
4 17 10 1 
5 16 10 1 
11 10 15 0 
12 9 15 0 
13 8 15 0 
14 7 15 0 
15 6 15 0 
6 15 10 1 
7 14 10 1 
8 13 10 1 
9 12 10 1 
10 11 10 1 
16 5 15 0 
17 4 15 0 
18 3 15 0 
19 2 15 0 
20 1 15 0 


1 20 10 1 
2 19 10 1 
3 18 10 1 
4 17 10 1 
5 16 10 1 
11 10 15 0 
12 9 15 0 
13 8 15 0 
14 7 15 0 
15 6 15 0 
6 15 10 1 
7 14 10 1 
8 13 10 1 
9 12 10 1 
10 11 10 1 
16 5 15 0 
17 4 15 0 
18 3 15 0 
19 2 15 0 
20 1 15 0 


